2	1
3	1
1	2
3	2
1	3
2	3
5	4
6	4
4	5
6	5
4	6
5	6
8	7
9	7
7	8
9	8
7	9
8	9
11	10
12	10
10	11
12	11
446	11
10	12
11	12
14	13
13	14
15	14
14	15
17	16
18	16
19	16
16	17
18	17
19	17
16	18
17	18
19	18
16	19
17	19
18	19
21	20
22	20
23	20
20	21
22	21
23	21
20	22
21	22
23	22
447	22
20	23
21	23
22	23
25	24
26	24
27	24
24	25
26	25
27	25
24	26
25	26
27	26
24	27
25	27
26	27
29	28
30	28
31	28
28	29
30	29
31	29
28	30
29	30
31	30
28	31
29	31
30	31
33	32
34	32
35	32
32	33
34	33
35	33
32	34
33	34
35	34
440	34
32	35
33	35
34	35
37	36
38	36
39	36
36	37
38	37
39	37
36	38
37	38
39	38
36	39
37	39
38	39
41	40
42	40
43	40
40	41
42	41
43	41
40	42
41	42
43	42
40	43
41	43
42	43
45	44
46	44
47	44
44	45
46	45
47	45
44	46
45	46
47	46
44	47
45	47
46	47
49	48
50	48
51	48
48	49
51	49
48	50
51	50
48	51
49	51
50	51
53	52
54	52
55	52
52	53
54	53
55	53
52	54
53	54
55	54
52	55
53	55
54	55
57	56
58	56
59	56
56	57
58	57
59	57
56	58
57	58
59	58
56	59
57	59
58	59
61	60
62	60
63	60
60	61
62	61
63	61
60	62
61	62
63	62
60	63
61	63
62	63
65	64
66	64
67	64
64	65
66	65
67	65
64	66
65	66
67	66
64	67
65	67
66	67
69	68
70	68
71	68
68	69
70	69
71	69
68	70
69	70
71	70
68	71
69	71
70	71
73	72
74	72
75	72
72	73
74	73
75	73
72	74
73	74
75	74
72	75
73	75
74	75
77	76
78	76
79	76
76	77
78	77
79	77
76	78
77	78
79	78
76	79
77	79
78	79
81	80
82	80
83	80
80	81
82	81
83	81
80	82
81	82
83	82
442	82
80	83
81	83
82	83
85	84
86	84
87	84
84	85
86	85
87	85
84	86
85	86
87	86
84	87
85	87
86	87
89	88
90	88
91	88
88	89
90	89
91	89
88	90
89	90
88	91
89	91
93	92
94	92
95	92
92	93
94	93
95	93
92	94
93	94
95	94
92	95
93	95
94	95
97	96
98	96
99	96
428	96
96	97
98	97
99	97
397	97
96	98
97	98
99	98
96	99
97	99
98	99
101	100
102	100
103	100
104	100
100	101
102	101
103	101
104	101
100	102
101	102
103	102
104	102
443	102
100	103
101	103
102	103
104	103
444	103
100	104
101	104
102	104
103	104
106	105
107	105
108	105
109	105
105	106
107	106
108	106
109	106
370	106
105	107
106	107
108	107
447	107
105	108
106	108
107	108
109	108
105	109
106	109
108	109
111	110
113	110
114	110
110	111
112	111
113	111
111	112
113	112
114	112
110	113
111	113
112	113
114	113
110	114
112	114
113	114
116	115
117	115
118	115
119	115
115	116
117	116
118	116
119	116
435	116
115	117
116	117
118	117
119	117
445	117
115	118
116	118
117	118
119	118
115	119
116	119
117	119
118	119
121	120
122	120
123	120
124	120
120	121
122	121
123	121
124	121
230	121
120	122
121	122
124	122
441	122
120	123
121	123
124	123
120	124
121	124
122	124
123	124
126	125
127	125
128	125
129	125
446	125
125	126
127	126
128	126
129	126
125	127
126	127
128	127
129	127
125	128
126	128
127	128
129	128
125	129
126	129
127	129
128	129
131	130
132	130
134	130
130	131
132	131
133	131
134	131
441	131
130	132
131	132
133	132
134	132
447	132
131	133
132	133
134	133
130	134
131	134
132	134
133	134
136	135
137	135
138	135
139	135
135	136
137	136
138	136
139	136
135	137
136	137
139	137
135	138
136	138
139	138
135	139
136	139
137	139
138	139
141	140
142	140
143	140
144	140
140	141
142	141
143	141
140	142
141	142
143	142
144	142
140	143
141	143
142	143
144	143
140	144
142	144
143	144
402	144
146	145
147	145
148	145
149	145
145	146
147	146
148	146
145	147
146	147
148	147
145	148
146	148
147	148
149	148
145	149
148	149
151	150
152	150
153	150
154	150
165	150
442	150
150	151
152	151
153	151
154	151
150	152
151	152
153	152
154	152
150	153
151	153
152	153
154	153
150	154
151	154
152	154
153	154
156	155
157	155
158	155
159	155
155	156
157	156
158	156
159	156
440	156
155	157
156	157
158	157
159	157
443	157
445	157
155	158
156	158
157	158
159	158
440	158
155	159
156	159
157	159
158	159
447	159
161	160
162	160
163	160
164	160
165	160
160	161
162	161
163	161
165	161
160	162
161	162
163	162
164	162
165	162
160	163
161	163
162	163
164	163
165	163
160	164
162	164
163	164
165	164
437	164
150	165
160	165
161	165
162	165
163	165
164	165
411	165
167	166
170	166
171	166
443	166
166	167
168	167
169	167
170	167
167	168
169	168
170	168
433	168
447	168
167	169
168	169
170	169
171	169
196	169
166	170
167	170
168	170
169	170
171	170
166	171
169	171
170	171
436	171
174	172
175	172
176	172
177	172
444	172
174	173
175	173
177	173
172	174
173	174
175	174
176	174
177	174
435	174
172	175
173	175
174	175
176	175
177	175
172	176
174	176
175	176
177	176
172	177
173	177
174	177
175	177
176	177
228	177
179	178
180	178
181	178
182	178
183	178
404	178
178	179
180	179
181	179
182	179
183	179
435	179
178	180
179	180
181	180
182	180
183	180
438	180
178	181
179	181
180	181
182	181
183	181
447	181
178	182
179	182
180	182
181	182
183	182
376	182
447	182
178	183
179	183
180	183
181	183
182	183
432	183
443	183
444	183
186	184
187	184
188	184
189	184
409	184
186	185
187	185
188	185
189	185
184	186
185	186
187	186
188	186
189	186
184	187
185	187
186	187
188	187
189	187
184	188
185	188
186	188
187	188
189	188
419	188
184	189
185	189
186	189
187	189
188	189
191	190
192	190
193	190
194	190
195	190
190	191
192	191
194	191
195	191
190	192
191	192
194	192
195	192
190	193
194	193
195	193
447	193
190	194
191	194
192	194
193	194
190	195
191	195
192	195
193	195
169	196
197	196
199	196
200	196
196	197
198	197
199	197
201	197
208	197
444	197
197	198
199	198
200	198
201	198
196	199
197	199
198	199
201	199
425	199
196	200
198	200
201	200
445	200
197	201
198	201
199	201
200	201
442	201
203	202
204	202
205	202
206	202
207	202
202	203
204	203
205	203
207	203
392	203
447	203
202	204
203	204
205	204
206	204
207	204
441	204
202	205
203	205
204	205
207	205
433	205
444	205
202	206
204	206
207	206
202	207
203	207
204	207
205	207
206	207
197	208
209	208
210	208
211	208
213	208
437	208
208	209
210	209
211	209
212	209
213	209
440	209
447	209
208	210
209	210
211	210
212	210
416	210
442	210
208	211
209	211
210	211
212	211
213	211
447	211
209	212
210	212
211	212
213	212
208	213
209	213
211	213
212	213
215	214
216	214
217	214
218	214
219	214
214	215
218	215
433	215
214	216
217	216
218	216
214	217
216	217
218	217
219	217
214	218
215	218
216	218
217	218
219	218
440	218
214	219
217	219
218	219
444	219
221	220
222	220
223	220
224	220
225	220
220	221
222	221
223	221
224	221
225	221
436	221
220	222
221	222
223	222
224	222
225	222
220	223
221	223
222	223
224	223
225	223
220	224
221	224
222	224
223	224
225	224
403	224
220	225
221	225
222	225
223	225
224	225
237	225
439	225
227	226
229	226
230	226
231	226
226	227
228	227
229	227
230	227
231	227
411	227
442	227
177	228
227	228
229	228
230	228
231	228
445	228
226	229
227	229
228	229
230	229
231	229
121	230
226	230
227	230
228	230
229	230
231	230
226	231
227	231
228	231
229	231
230	231
427	231
441	231
233	232
234	232
235	232
236	232
237	232
238	232
367	232
232	233
234	233
235	233
236	233
237	233
238	233
433	233
232	234
233	234
236	234
237	234
238	234
232	235
233	235
236	235
237	235
238	235
437	235
438	235
232	236
233	236
234	236
235	236
238	236
225	237
232	237
233	237
234	237
235	237
238	237
232	238
233	238
234	238
235	238
236	238
237	238
434	238
240	239
241	239
242	239
243	239
244	239
245	239
382	239
445	239
239	240
241	240
242	240
243	240
244	240
245	240
344	240
447	240
239	241
240	241
242	241
243	241
244	241
245	241
370	241
239	242
240	242
241	242
243	242
244	242
245	242
239	243
240	243
241	243
242	243
438	243
439	243
239	244
240	244
241	244
242	244
245	244
239	245
240	245
241	245
242	245
244	245
421	245
435	245
247	246
248	246
249	246
250	246
251	246
252	246
246	247
248	247
250	247
251	247
252	247
430	247
246	248
247	248
249	248
251	248
246	249
248	249
250	249
251	249
252	249
246	250
247	250
249	250
251	250
252	250
431	250
246	251
247	251
248	251
249	251
250	251
252	251
246	252
247	252
249	252
250	252
251	252
440	252
447	252
254	253
255	253
256	253
257	253
258	253
259	253
424	253
440	253
253	254
256	254
257	254
258	254
259	254
253	255
256	255
257	255
259	255
253	256
254	256
255	256
257	256
258	256
259	256
372	256
439	256
253	257
254	257
255	257
256	257
258	257
259	257
253	258
254	258
256	258
257	258
259	258
253	259
254	259
255	259
256	259
257	259
258	259
262	260
263	260
264	260
265	260
266	260
414	260
443	260
444	260
262	261
263	261
264	261
265	261
266	261
434	261
442	261
260	262
261	262
263	262
264	262
265	262
266	262
260	263
261	263
262	263
264	263
265	263
266	263
438	263
260	264
261	264
262	264
263	264
265	264
266	264
436	264
260	265
261	265
262	265
263	265
264	265
266	265
260	266
261	266
262	266
263	266
264	266
265	266
446	266
447	266
268	267
271	267
272	267
273	267
421	267
438	267
267	268
269	268
271	268
272	268
407	268
447	268
268	269
270	269
440	269
446	269
447	269
269	270
271	270
272	270
273	270
267	271
268	271
270	271
272	271
273	271
267	272
268	272
270	272
271	272
273	272
442	272
267	273
270	273
271	273
272	273
275	274
276	274
277	274
278	274
279	274
280	274
343	274
274	275
276	275
277	275
278	275
279	275
280	275
301	275
274	276
275	276
277	276
278	276
280	276
274	277
275	277
276	277
278	277
279	277
408	277
274	278
275	278
276	278
277	278
279	278
280	278
274	279
275	279
277	279
278	279
280	279
274	280
275	280
276	280
278	280
279	280
447	280
282	281
285	281
286	281
287	281
281	282
283	282
284	282
285	282
286	282
287	282
444	282
282	283
284	283
285	283
286	283
287	283
444	283
282	284
283	284
285	284
286	284
287	284
281	285
282	285
283	285
284	285
286	285
287	285
433	285
281	286
282	286
283	286
284	286
285	286
287	286
442	286
444	286
281	287
282	287
283	287
284	287
285	287
286	287
445	287
289	288
291	288
292	288
445	288
288	289
290	289
291	289
292	289
293	289
294	289
433	289
440	289
289	290
291	290
292	290
293	290
288	291
289	291
290	291
293	291
294	291
288	292
289	292
290	292
293	292
294	292
451	292
289	293
290	293
291	293
292	293
294	293
427	293
289	294
291	294
292	294
293	294
296	295
297	295
298	295
299	295
300	295
431	295
445	295
446	295
295	296
297	296
299	296
300	296
301	296
438	296
444	296
295	297
296	297
298	297
300	297
301	297
295	298
297	298
299	298
300	298
301	298
403	298
295	299
296	299
298	299
301	299
447	299
295	300
296	300
297	300
298	300
301	300
275	301
296	301
297	301
298	301
299	301
300	301
393	301
442	301
443	301
304	302
305	302
306	302
307	302
308	302
309	302
445	302
304	303
305	303
306	303
309	303
447	303
302	304
303	304
305	304
307	304
308	304
309	304
446	304
302	305
303	305
304	305
306	305
307	305
308	305
302	306
303	306
305	306
307	306
308	306
309	306
444	306
445	306
302	307
304	307
305	307
306	307
308	307
309	307
425	307
302	308
304	308
305	308
306	308
307	308
309	308
447	308
302	309
303	309
304	309
306	309
307	309
308	309
311	310
312	310
313	310
315	310
316	310
317	310
429	310
310	311
312	311
313	311
314	311
315	311
316	311
317	311
310	312
311	312
314	312
315	312
316	312
317	312
393	312
446	312
310	313
311	313
314	313
315	313
316	313
317	313
417	313
311	314
312	314
313	314
315	314
316	314
444	314
445	314
310	315
311	315
312	315
313	315
314	315
316	315
317	315
310	316
311	316
312	316
313	316
314	316
315	316
317	316
310	317
311	317
312	317
313	317
315	317
316	317
444	317
447	317
319	318
320	318
321	318
323	318
324	318
325	318
318	319
321	319
323	319
324	319
325	319
447	319
318	320
321	320
323	320
324	320
399	320
401	320
318	321
319	321
320	321
322	321
323	321
324	321
325	321
436	321
440	321
447	321
321	322
325	322
318	323
319	323
320	323
321	323
324	323
325	323
318	324
319	324
320	324
321	324
323	324
325	324
318	325
319	325
321	325
322	325
323	325
324	325
430	325
443	325
327	326
328	326
329	326
330	326
332	326
424	326
444	326
326	327
328	327
329	327
330	327
331	327
333	327
438	327
326	328
327	328
329	328
330	328
331	328
332	328
333	328
326	329
327	329
328	329
330	329
331	329
332	329
333	329
326	330
327	330
328	330
329	330
331	330
333	330
447	330
327	331
328	331
329	331
330	331
333	331
326	332
328	332
329	332
333	332
327	333
328	333
329	333
330	333
331	333
332	333
437	333
444	333
446	333
447	333
335	334
336	334
337	334
338	334
339	334
340	334
341	334
342	334
334	335
336	335
338	335
339	335
340	335
341	335
342	335
414	335
334	336
335	336
338	336
339	336
340	336
341	336
342	336
352	336
380	336
406	336
444	336
334	337
338	337
339	337
340	337
341	337
342	337
440	337
444	337
334	338
335	338
336	338
337	338
339	338
340	338
341	338
342	338
363	338
446	338
334	339
335	339
336	339
337	339
338	339
340	339
341	339
342	339
334	340
335	340
336	340
337	340
338	340
339	340
341	340
342	340
334	341
335	341
336	341
337	341
338	341
339	341
340	341
342	341
334	342
335	342
336	342
337	342
338	342
339	342
340	342
341	342
274	343
344	343
345	343
346	343
347	343
348	343
349	343
350	343
351	343
240	344
343	344
345	344
346	344
347	344
348	344
349	344
350	344
351	344
438	344
447	344
343	345
344	345
346	345
347	345
348	345
349	345
350	345
351	345
343	346
344	346
345	346
348	346
349	346
444	346
343	347
344	347
345	347
348	347
349	347
350	347
351	347
445	347
343	348
344	348
345	348
346	348
347	348
349	348
350	348
351	348
343	349
344	349
345	349
346	349
347	349
348	349
350	349
351	349
343	350
344	350
345	350
347	350
348	350
349	350
351	350
447	350
343	351
344	351
345	351
347	351
348	351
349	351
350	351
428	351
445	351
446	351
336	352
353	352
354	352
356	352
357	352
358	352
359	352
446	352
352	353
354	353
355	353
357	353
358	353
359	353
360	353
361	353
437	353
447	353
352	354
353	354
355	354
356	354
357	354
358	354
353	355
354	355
357	355
358	355
360	355
361	355
445	355
352	356
354	356
357	356
358	356
359	356
360	356
361	356
408	356
445	356
352	357
353	357
354	357
355	357
356	357
358	357
359	357
360	357
361	357
444	357
445	357
352	358
353	358
354	358
355	358
356	358
357	358
359	358
360	358
361	358
446	358
352	359
353	359
356	359
357	359
358	359
361	359
439	359
440	359
442	359
447	359
353	360
355	360
356	360
357	360
358	360
361	360
353	361
355	361
356	361
357	361
358	361
359	361
360	361
363	362
364	362
365	362
366	362
367	362
370	362
371	362
442	362
338	363
362	363
364	363
365	363
366	363
368	363
369	363
370	363
371	363
447	363
362	364
363	364
365	364
367	364
368	364
369	364
370	364
446	364
362	365
363	365
364	365
366	365
367	365
368	365
369	365
371	365
435	365
444	365
362	366
363	366
365	366
367	366
369	366
370	366
371	366
432	366
435	366
232	367
362	367
364	367
365	367
366	367
368	367
369	367
370	367
387	367
447	367
363	368
364	368
365	368
367	368
369	368
370	368
371	368
436	368
363	369
364	369
365	369
366	369
367	369
368	369
370	369
371	369
431	369
440	369
445	369
106	370
241	370
362	370
363	370
364	370
366	370
367	370
368	370
369	370
371	370
436	370
362	371
363	371
365	371
366	371
368	371
369	371
370	371
373	371
428	371
441	371
442	371
446	371
447	371
256	372
373	372
374	372
375	372
376	372
377	372
378	372
379	372
433	372
371	373
372	373
374	373
375	373
377	373
378	373
379	373
380	373
381	373
382	373
439	373
372	374
373	374
375	374
376	374
377	374
380	374
381	374
382	374
372	375
373	375
374	375
377	375
378	375
379	375
380	375
435	375
441	375
182	376
372	376
374	376
377	376
378	376
380	376
381	376
382	376
443	376
447	376
372	377
373	377
374	377
375	377
376	377
378	377
379	377
380	377
381	377
382	377
436	377
445	377
372	378
373	378
375	378
376	378
377	378
380	378
381	378
382	378
385	378
433	378
437	378
441	378
443	378
445	378
446	378
372	379
373	379
375	379
377	379
380	379
381	379
382	379
424	379
445	379
336	380
373	380
374	380
375	380
376	380
377	380
378	380
379	380
381	380
382	380
409	380
445	380
447	380
373	381
374	381
376	381
377	381
378	381
379	381
380	381
382	381
447	381
239	382
373	382
374	382
376	382
377	382
378	382
379	382
380	382
381	382
445	382
384	383
386	383
387	383
388	383
389	383
391	383
393	383
444	383
445	383
447	383
383	384
385	384
386	384
388	384
389	384
390	384
392	384
417	384
434	384
439	384
446	384
378	385
384	385
386	385
387	385
388	385
389	385
391	385
392	385
403	385
436	385
442	385
447	385
383	386
384	386
385	386
387	386
388	386
389	386
390	386
391	386
392	386
418	386
428	386
444	386
446	386
447	386
367	387
383	387
385	387
386	387
389	387
391	387
392	387
393	387
447	387
383	388
384	388
385	388
386	388
389	388
391	388
392	388
403	388
431	388
444	388
383	389
384	389
385	389
386	389
387	389
388	389
390	389
393	389
420	389
442	389
384	390
386	390
389	390
393	390
436	390
446	390
383	391
385	391
386	391
387	391
388	391
392	391
393	391
435	391
440	391
443	391
446	391
203	392
384	392
385	392
386	392
387	392
388	392
391	392
393	392
301	393
312	393
383	393
387	393
389	393
390	393
391	393
392	393
395	393
430	393
432	393
446	393
447	393
400	394
401	394
402	394
403	394
404	394
405	394
406	394
440	394
393	395
396	395
397	395
398	395
399	395
400	395
402	395
403	395
404	395
406	395
440	395
442	395
395	396
397	396
398	396
400	396
402	396
403	396
404	396
405	396
406	396
431	396
432	396
435	396
439	396
447	396
97	397
395	397
396	397
398	397
399	397
400	397
401	397
403	397
404	397
405	397
406	397
420	397
395	398
396	398
397	398
400	398
401	398
402	398
403	398
404	398
405	398
406	398
439	398
440	398
446	398
447	398
320	399
395	399
397	399
400	399
401	399
402	399
403	399
404	399
406	399
438	399
440	399
394	400
395	400
396	400
397	400
398	400
399	400
401	400
403	400
404	400
405	400
435	400
436	400
320	401
394	401
397	401
398	401
399	401
400	401
402	401
404	401
405	401
406	401
144	402
394	402
395	402
396	402
398	402
399	402
401	402
404	402
405	402
406	402
436	402
441	402
446	402
224	403
298	403
385	403
388	403
394	403
395	403
396	403
397	403
398	403
399	403
400	403
404	403
405	403
406	403
410	403
440	403
447	403
178	404
394	404
395	404
396	404
397	404
398	404
399	404
400	404
401	404
402	404
403	404
405	404
406	404
422	404
425	404
438	404
445	404
394	405
396	405
397	405
398	405
400	405
401	405
402	405
403	405
404	405
406	405
447	405
336	406
394	406
395	406
396	406
397	406
398	406
399	406
401	406
402	406
403	406
404	406
405	406
439	406
441	406
442	406
446	406
447	406
268	407
409	407
410	407
411	407
413	407
415	407
416	407
417	407
418	407
419	407
421	407
422	407
432	407
439	407
440	407
444	407
277	408
356	408
409	408
410	408
412	408
413	408
415	408
416	408
417	408
418	408
419	408
420	408
421	408
422	408
442	408
445	408
446	408
447	408
184	409
380	409
407	409
408	409
410	409
411	409
412	409
414	409
415	409
416	409
417	409
418	409
419	409
420	409
421	409
422	409
442	409
403	410
407	410
408	410
409	410
412	410
413	410
414	410
415	410
416	410
417	410
418	410
420	410
421	410
422	410
165	411
227	411
407	411
409	411
412	411
413	411
416	411
418	411
419	411
420	411
422	411
438	411
408	412
409	412
410	412
411	412
413	412
415	412
416	412
417	412
419	412
420	412
421	412
422	412
444	412
447	412
407	413
408	413
410	413
411	413
412	413
415	413
416	413
417	413
418	413
419	413
420	413
421	413
425	413
440	413
445	413
447	413
260	414
335	414
409	414
410	414
415	414
417	414
420	414
422	414
442	414
446	414
407	415
408	415
409	415
410	415
412	415
413	415
414	415
416	415
418	415
419	415
421	415
422	415
437	415
444	415
210	416
407	416
408	416
409	416
410	416
411	416
412	416
413	416
415	416
417	416
419	416
420	416
421	416
422	416
435	416
436	416
440	416
447	416
313	417
384	417
407	417
408	417
409	417
410	417
412	417
413	417
414	417
416	417
418	417
420	417
422	417
427	417
435	417
436	417
439	417
442	417
446	417
386	418
407	418
408	418
409	418
410	418
411	418
413	418
415	418
417	418
419	418
420	418
438	418
444	418
445	418
447	418
188	419
407	419
408	419
409	419
411	419
412	419
413	419
415	419
416	419
418	419
420	419
421	419
422	419
435	419
442	419
443	419
446	419
447	419
389	420
397	420
408	420
409	420
410	420
411	420
412	420
413	420
414	420
416	420
417	420
418	420
419	420
421	420
422	420
426	420
433	420
437	420
439	420
441	420
442	420
443	420
444	420
445	420
447	420
245	421
267	421
407	421
408	421
409	421
410	421
412	421
413	421
415	421
416	421
419	421
420	421
422	421
423	421
427	421
433	421
438	421
440	421
443	421
444	421
445	421
404	422
407	422
408	422
409	422
410	422
411	422
412	422
414	422
415	422
416	422
417	422
419	422
420	422
421	422
429	422
435	422
437	422
439	422
442	422
443	422
444	422
445	422
421	423
424	423
425	423
426	423
428	423
429	423
433	423
434	423
435	423
437	423
438	423
439	423
441	423
443	423
444	423
445	423
447	423
253	424
326	424
379	424
423	424
425	424
426	424
428	424
430	424
431	424
434	424
435	424
438	424
440	424
441	424
445	424
446	424
447	424
199	425
307	425
404	425
413	425
423	425
424	425
427	425
428	425
430	425
432	425
434	425
437	425
438	425
442	425
443	425
444	425
445	425
446	425
447	425
420	426
423	426
424	426
430	426
431	426
432	426
433	426
434	426
436	426
437	426
438	426
439	426
441	426
443	426
444	426
445	426
446	426
447	426
231	427
293	427
417	427
421	427
425	427
429	427
430	427
431	427
432	427
434	427
435	427
436	427
437	427
439	427
440	427
441	427
442	427
444	427
445	427
446	427
447	427
96	428
351	428
371	428
386	428
423	428
424	428
425	428
429	428
430	428
431	428
433	428
435	428
436	428
437	428
438	428
439	428
440	428
443	428
444	428
445	428
446	428
447	428
310	429
422	429
423	429
427	429
428	429
431	429
432	429
433	429
434	429
437	429
439	429
441	429
442	429
443	429
444	429
445	429
446	429
447	429
247	430
325	430
393	430
424	430
425	430
426	430
427	430
428	430
431	430
432	430
435	430
436	430
438	430
439	430
441	430
443	430
444	430
446	430
447	430
250	431
295	431
369	431
388	431
396	431
424	431
426	431
427	431
428	431
429	431
430	431
433	431
434	431
436	431
439	431
440	431
441	431
442	431
443	431
444	431
445	431
447	431
183	432
366	432
393	432
396	432
407	432
425	432
426	432
427	432
429	432
430	432
434	432
436	432
437	432
438	432
439	432
440	432
442	432
443	432
444	432
445	432
446	432
447	432
168	433
205	433
215	433
233	433
285	433
289	433
372	433
378	433
420	433
421	433
423	433
426	433
428	433
429	433
431	433
434	433
435	433
436	433
437	433
441	433
442	433
443	433
444	433
445	433
446	433
447	433
238	434
261	434
384	434
423	434
424	434
425	434
426	434
427	434
429	434
431	434
432	434
433	434
436	434
437	434
438	434
441	434
443	434
444	434
445	434
446	434
447	434
116	435
174	435
179	435
245	435
365	435
366	435
375	435
391	435
396	435
400	435
416	435
417	435
419	435
422	435
423	435
424	435
427	435
428	435
430	435
433	435
436	435
437	435
438	435
439	435
440	435
442	435
443	435
444	435
445	435
446	435
447	435
171	436
221	436
264	436
321	436
368	436
370	436
377	436
385	436
390	436
400	436
402	436
416	436
417	436
426	436
427	436
428	436
430	436
431	436
432	436
433	436
434	436
435	436
437	436
439	436
440	436
441	436
443	436
444	436
445	436
446	436
447	436
164	437
208	437
235	437
333	437
353	437
378	437
415	437
420	437
422	437
423	437
425	437
426	437
427	437
428	437
429	437
432	437
433	437
434	437
435	437
436	437
438	437
439	437
440	437
441	437
442	437
443	437
444	437
445	437
446	437
447	437
180	438
235	438
243	438
263	438
267	438
296	438
327	438
344	438
399	438
404	438
411	438
418	438
421	438
423	438
424	438
425	438
426	438
428	438
430	438
432	438
434	438
435	438
437	438
439	438
440	438
441	438
442	438
443	438
444	438
445	438
446	438
447	438
225	439
243	439
256	439
359	439
373	439
384	439
396	439
398	439
406	439
407	439
417	439
420	439
422	439
423	439
426	439
427	439
428	439
429	439
430	439
431	439
432	439
435	439
436	439
437	439
438	439
441	439
442	439
444	439
445	439
446	439
447	439
34	440
156	440
158	440
209	440
218	440
252	440
253	440
269	440
289	440
321	440
337	440
359	440
369	440
391	440
394	440
395	440
398	440
399	440
403	440
407	440
413	440
416	440
421	440
424	440
427	440
428	440
431	440
432	440
435	440
436	440
437	440
438	440
441	440
442	440
443	440
444	440
445	440
446	440
447	440
122	441
131	441
204	441
231	441
371	441
375	441
378	441
402	441
406	441
420	441
423	441
424	441
426	441
427	441
429	441
430	441
431	441
433	441
434	441
436	441
437	441
438	441
439	441
440	441
442	441
443	441
444	441
445	441
446	441
447	441
82	442
150	442
201	442
210	442
227	442
261	442
272	442
286	442
301	442
359	442
362	442
371	442
385	442
389	442
395	442
406	442
408	442
409	442
414	442
417	442
419	442
420	442
422	442
425	442
427	442
429	442
431	442
432	442
433	442
435	442
437	442
438	442
439	442
440	442
441	442
443	442
444	442
445	442
446	442
447	442
453	442
102	443
157	443
166	443
183	443
260	443
301	443
325	443
376	443
378	443
391	443
419	443
420	443
421	443
422	443
423	443
425	443
426	443
428	443
429	443
430	443
431	443
432	443
433	443
434	443
435	443
436	443
437	443
438	443
440	443
441	443
442	443
444	443
445	443
446	443
447	443
103	444
172	444
183	444
197	444
205	444
219	444
260	444
282	444
283	444
286	444
296	444
306	444
314	444
317	444
326	444
333	444
336	444
337	444
346	444
357	444
365	444
383	444
386	444
388	444
407	444
412	444
415	444
418	444
420	444
421	444
422	444
423	444
425	444
426	444
427	444
428	444
429	444
430	444
431	444
432	444
433	444
434	444
435	444
436	444
437	444
438	444
439	444
440	444
441	444
442	444
443	444
445	444
446	444
447	444
117	445
157	445
200	445
228	445
239	445
287	445
288	445
295	445
302	445
306	445
314	445
347	445
351	445
355	445
356	445
357	445
369	445
377	445
378	445
379	445
380	445
382	445
383	445
404	445
408	445
413	445
418	445
420	445
421	445
422	445
423	445
424	445
425	445
426	445
427	445
428	445
429	445
431	445
432	445
433	445
434	445
435	445
436	445
437	445
438	445
439	445
440	445
441	445
442	445
443	445
444	445
446	445
447	445
11	446
125	446
266	446
269	446
295	446
304	446
312	446
333	446
338	446
351	446
352	446
358	446
364	446
371	446
378	446
384	446
386	446
390	446
391	446
393	446
398	446
402	446
406	446
408	446
414	446
417	446
419	446
424	446
425	446
426	446
427	446
428	446
429	446
430	446
432	446
433	446
434	446
435	446
436	446
437	446
438	446
439	446
440	446
441	446
442	446
443	446
444	446
445	446
447	446
22	447
107	447
132	447
159	447
168	447
181	447
182	447
193	447
203	447
209	447
211	447
240	447
252	447
266	447
268	447
269	447
280	447
299	447
303	447
308	447
317	447
319	447
321	447
330	447
333	447
344	447
350	447
353	447
359	447
363	447
367	447
371	447
376	447
380	447
381	447
383	447
385	447
386	447
387	447
393	447
396	447
398	447
403	447
405	447
406	447
408	447
412	447
413	447
416	447
418	447
419	447
420	447
423	447
424	447
425	447
426	447
427	447
428	447
429	447
430	447
431	447
432	447
433	447
434	447
435	447
436	447
437	447
438	447
439	447
440	447
441	447
442	447
443	447
444	447
445	447
446	447
292	451
442	453
